human	 0.0	 0.0089	 0.0145	 0.0407	 0.0425	 0.0726	 0.1261
7
mouse	 0.0089	 0.0	 0.0175	 0.0435	 0.0394	 0.0791	 0.1258
fly	 0.0145	 0.0175	 0.0	 0.0543	 0.0313	 0.0806	 0.1121
yeast	 0.0407	 0.0435	 0.0543	 0.0	 0.0826	 0.048	 0.1663
ecoli	 0.0425	 0.0394	 0.0313	 0.0826	 0.0	 0.1115	 0.0883
plasmodium	 0.0726	 0.0791	 0.0806	 0.048	 0.1115	 0.0	 0.1822
thermus	 0.1261	 0.1258	 0.1121	 0.1663	 0.0883	 0.1822	 0.0
